

6338388702
7735049339
7931001865
1161722176
6011770994
7046875343
5520661122
2077144554
421691731
5433708419
994875966
5008884592
6688699981
6191915039
6509977729
6637333841
1453806670
5743435487
6581950870
5362504411
6235469287
5730690259
7609324788
8134477264
1350385659
1417670350
1449791785
1714286723
5842843688
6053138896
5222175365
1255678371
6522798699
6298650103
5209095133
5595173292
5984225420
5869168176
5277541706
5533173179
5111691478
5013284263
6984588695
5857232453
974453356
6866289555
6131270247
5365240839
6040696467
6897464006
5514629118
7400517242
5119718946
1627008827
1650691305
6038143026
1614650499
7585508457
1111478783
6068160143
1028799380
5261660065
6870232248
5883313926
686330050
951080583
1578678382
6159593156
6723977608
5514741750
1409420851
5048375984
5021820828
636172212
855321044
2100828803
6446318174
7313681348
7527954137
1704826048
883803109
1234106752
1307200707
1719683716
6905753797
6875754996
1785389003
1472223806
1226668813
1334289004
1968234370
7303134574
1393560287
5712047828
624536044
6775478833
6125301857
1073158945
5384109522
5256724036
1547862139
2044197581
1031676081
1999424540
5666365536
1189547591
1383708843
6705882746
1110625335
6352259643
1784212926
8173747815
1022184338
1527777548
5316377250
1297536094
5840263331
6285702785
6423562328
1898360970
301767015
5627703306
640860444
1268930601
6896659582
1072948989
5587987307
5280231191
95447491
7056368442
884736062
840455698
1442270902
6953710681
7518163847
1297378820
7385516913
5149672004
5661500998
7584225129
6657977214
1908099773
8044294757
6428224840
7698133985
6525618879
6894597444
6463688490
6065727196
7280537121
691493536
5042525973
1733105742
1498140525
701155356
6759898660
6779432363
1671026211
512617247
1419430824
666412927
5007080806
1545072894
8128985712
5414511002
6397516945
1479405764
7400852627
8141864120
5382401400
6297159507
895564333
5069765026
1329623476
866234914
1478113112
5601312966
1989416171
1096578487
1018203995
1623535792
7517380714
855373819
1461872702
1350553585
5711230141
728772609
1460705148
948049592
7056204267
5180796905
1588937164
7872372187
5221318140
5733309504
901099014
7733498078
6541942962
5834040933
7345495694
5399852230
2079871973
7057842749
1165879731
1609062180
5235677589
817866505
6579554086
8072897676
6848335982
7412331442
2013180313
5889076967
1494848160
1486425355
6483362025
2063033268
6161304364
1492915366
5052385292
6596972497
7721705352
2146894611
1429412691
1953044288
1954807280
7458851345
1362526885
5677808882
5646312807
7163645386
5619572804
6017567164
1185684861
1807170733
5690899932
5170924935
5813179410
2110431210
7054159215
7172369593
7317603031
1591508850
7731185457
1866524927
1438311817
5350810648
5237056432
5422346989
1912214508
705033790
145660726
6028284180
1489198741
820775145
1953672473
5560793578
5198225546
6614684377
6091482702
2048338729
1109748611
6385932398
1398681407
2088454338
718661439
6880970957
7888655257
6958743996
7041636897
1556740983
1776458086
7494067314
5825343817
5625949015
1835679861
740498365
5075408719
1390755782
726359126
1777968485
6740497438
5510322267
7274497158
7308534657
5209232422
5528213296
1048909428
992134815
5496163536
1325849479
7723793585
1925694408
7489560495
5003440869
6551714840
6220473923
568690307
1163297417
1112227834
7797716731
7745409782
1699997511
5294756613
5960772347
7739749212
1484920546
5053087245
1061823673
1883517437
6494560820
5420928116
1829761713
5421293611
7311160332
6516954340
7323032353
5746776878
1235702282
2121690394
6108887405
1485838262
5146234040
5998213830
6390111306
1487794773
5912348327
7073716671
1505449869
6769697865
7505673554
5608582776
5625965714
6582232473
6918442649
7262860025
6760088861
7076350840
1274811205
1208693646
7956588093
6692283923
1849116607
7339005271
836090274
5140007341
6000693921
7376898254
6133827714
5365085284
958073209
6423262894
391703701
6030343406
5765642020
5936657768
5428418587
827234386
6726251327
1787679577
629679965
5028701315
7407726345
7511893759
5391502785
6574251778
5112250197
7812188180
6075493654
1001917715
6079394604
5782350483
7365059108
5977984728
7988292905
7541207220
5678354482
1852207618
1588331906
7164152560
2063543983
813488977
670138991
6086465100
1717389507
2057134639
6278952988
6886537980
815578134
5793083274
1394681447
980166724
1447438302
5941194321
631413216
2062882711
6990357565
2026840697
6867140334
1069404015
854183694
6834840664
6762442781
802720671
1226874255
501061870
7800409256
1711795393
6307278872
2014059274
6601214878
7499624631
7363773663
1055136171
5233174839
5389857263
8132370385
1337295972
531980267
5652313182
5304588731
1357950984
6880732555
1703193180
5512669435
478665804
1009793415
8075787958
1222056215
5830283826
1384475416
558845747
844738900
1089734567
6423539560
6878595990
7466202996
1700020647
6639077137
799978258
5823478795
838015888
7926790188
1084739118
7417699926
6988539010
5511108444
712360778